100
100
100
100
100
100
100
100
100
100
90
91
92
93
93
95
97
94
96
96
97
94
94
94
96
95
95
93
93
94
95
96
96
96
95
96
96
95
94
93
97
95
97
97
98
97
97
97
95
97
95
96
95
95
96
97
95
95
94
97
95
95
62
62
62
63
63
64
65
63
67
62
67
64
63
63
62
62
64
69
65
63
64
63
63
61
67
65
64
64
63
61
65
65
65
64
64
64
66
63
66
63
63
63
64
63
62
60
61
63
63
63
63
65
62
61
72
63
62
60
64
60
18
22
23
18
21
19
21
19
21
18
3
3
3
4
3
4
3
3
3
2
3
3
3
3
2
2
2
2
3
2
4
3
3
4
4
4
4
4
3
3
3
4
5
4
4
6
2
3
3
3
4
3
3
4
4
3
3
4
4
3
3
4
3
3
3
3
2
3
2
4
2
2
2
2
3
3
2
2
3
2
3
3
3
5
2
3
2
2
2
3
3
3
3
3
3
2
3
3
2
3
4
3
2
3
3
3
2
4
2
3
3
2
3
2
2
2
3
3
3
2
2
2
3
3
2
3
2
4
3
2
3
3
3
4
3
4
3
4
0
1
0
0
0
0
0
0
1
0
